Konto 28821244217784595739667320 25524 00349807642 1.68 5 
Konto 86876106424578622179647663 15000 87423890765 2.1 4 
Konto 08222624891492638575192632 10000 70082856904 1.5 9 
Konto 03067286950851216822049126 30000 01061289058 1.45 10 
Konto 60913402725764787145138778 96450 95021967643 1.8 7 
Konto 00565477466795609397414299 23780 68102088345 1.55 9 
Konto 02219129269820867054715332 100000 83112309246 1.92 6 
Kredyt 52120122979073562038525614 500000 01061289058 500000 9 15 84 2023-06-06 
Konto 63721524954876205381664096 0 01061289058 1.25 5 
Konto 14043930970901417334509644 0 00349807642 1.2 6 
Kredyt 72957758717793815774911128 480621 00349807642 600000 9 12 120 2023-06-06 
